-----------------------------------------------------------------------------
                		   Greedy  
-----------------------------------------------------------------------------


                      Final composition of variables 
     ------------------------------------------------------------------- 

set Y := 1 2 3 4 5;

card(Y) = 5

set Z :=
(1,1)     (18,1)    (35,1)    (52,2)    (69,3)    (86,3)    (103,3)   (120,3)
(2,1)     (19,1)    (36,1)    (53,2)    (70,3)    (87,3)    (104,3)   (121,4)
(3,1)     (20,1)    (37,1)    (54,1)    (71,3)    (88,3)    (105,3)   (122,4)
(4,1)     (21,1)    (38,1)    (55,2)    (72,2)    (89,3)    (106,3)   (123,4)
(5,1)     (22,1)    (39,1)    (56,2)    (73,3)    (90,3)    (107,3)   (124,4)
(6,1)     (23,1)    (40,1)    (57,1)    (74,3)    (91,4)    (108,3)   (125,4)
(7,1)     (24,1)    (41,1)    (58,2)    (75,3)    (92,3)    (109,4)   (126,2)
(8,1)     (25,1)    (42,1)    (59,2)    (76,3)    (93,3)    (110,4)   (127,5)
(9,1)     (26,1)    (43,1)    (60,2)    (77,3)    (94,3)    (111,3)   (128,4)
(10,1)    (27,1)    (44,1)    (61,2)    (78,3)    (95,3)    (112,4)   (129,4)
(11,1)    (28,1)    (45,1)    (62,2)    (79,3)    (96,3)    (113,4)   (130,4)
(12,1)    (29,1)    (46,1)    (63,2)    (80,3)    (97,3)    (114,4)   (131,4)
(13,1)    (30,1)    (47,1)    (64,2)    (81,3)    (98,3)    (115,4)   (132,4)
(14,1)    (31,1)    (48,1)    (65,2)    (82,3)    (99,3)    (116,3)
(15,1)    (32,1)    (49,1)    (66,3)    (83,3)    (100,1)   (117,4)
(16,1)    (33,1)    (50,1)    (67,3)    (84,3)    (101,3)   (118,4)
(17,1)    (34,1)    (51,1)    (68,3)    (85,3)    (102,3)   (119,4);

card(Z) = 132



Greedy cost 1091.000000

Time Greedy  1.054175

Iterations  132.000000