

Initial solution objective function value: 1091.000000


-----------------------------------------------------------------------------
                		   K-OPT NEIGHBORHOOD 
-----------------------------------------------------------------------------

k value: 111 
set Y := 1 2 4 5 6 7 9 10 11 12;

card(Y) = 10

set Z :=
(1,2)      (21,4)     (41,12)    (59,1)     (77,11)    (97,2)     (116,5)
(2,2)      (22,7)     (42,4)     (60,7)     (78,12)    (98,5)     (117,5)
(3,7)      (23,2)     (43,4)     (61,7)     (79,12)    (99,5)     (118,2)
(4,4)      (24,2)     (44,7)     (62,2)     (80,10)    (100,2)    (119,12)
(5,10)     (25,12)    (45,9)     (62,5)     (81,5)     (101,7)    (120,5)
(6,7)      (26,5)     (46,2)     (63,2)     (82,11)    (102,2)    (121,7)
(7,9)      (27,2)     (47,9)     (64,2)     (83,2)     (103,2)    (122,2)
(8,10)     (28,7)     (48,2)     (64,5)     (84,7)     (104,9)    (123,9)
(9,10)     (29,4)     (49,10)    (65,7)     (85,4)     (105,4)    (124,9)
(10,2)     (30,5)     (50,2)     (66,10)    (86,11)    (106,7)    (125,2)
(11,2)     (31,4)     (51,2)     (67,5)     (87,5)     (107,7)    (126,2)
(12,2)     (32,7)     (52,7)     (68,5)     (88,2)     (108,7)    (127,6)
(13,9)     (33,10)    (53,2)     (69,2)     (89,7)     (109,9)    (128,2)
(14,4)     (34,9)     (54,7)     (70,5)     (90,9)     (110,7)    (129,4)
(15,7)     (35,7)     (55,2)     (71,10)    (91,6)     (111,7)    (129,7)
(16,7)     (36,7)     (55,5)     (72,2)     (92,5)     (112,5)    (130,2)
(17,12)    (37,2)     (56,2)     (73,5)     (93,2)     (113,10)   (131,11)
(18,4)     (38,2)     (56,5)     (74,9)     (94,2)     (114,4)    (132,4)
(19,12)    (39,9)     (57,7)     (75,9)     (95,9)     (114,7)    (132,7)
(20,7)     (40,9)     (58,2)     (76,7)     (96,2)     (115,10);

card(Z) = 139


k-opt cost 401.000000

Time k-opt  9.130746
Number of improvements 7
